   1.8000000000000000e+07   4.9753446799543312e+16   2.8109291977143115e-04
   1.8000060000000000e+07   4.9753661685434328e+16   2.8109413381601314e-04
   1.8000120000000000e+07   4.9756813316820424e+16   2.8111193964305327e-04
   1.8000180000000000e+07   4.9759185283696792e+16   2.8112534058585760e-04
   1.8000240000000000e+07   4.9757847424624784e+16   2.8111778206002703e-04
   1.8000300000000000e+07   4.9753962154703864e+16   2.8109583138250768e-04
   1.8000360000000000e+07   4.9750801027314328e+16   2.8107797190573067e-04
   1.8000420000000000e+07   4.9749979537672464e+16   2.8107333072131336e-04
   1.8000480000000000e+07   4.9751634642991328e+16   2.8108268159882105e-04
   1.8000540000000000e+07   4.9754533126778480e+16   2.8109905721343775e-04
   1.8000600000000000e+07   4.9756213351825344e+16   2.8110855001031270e-04
   1.8000660000000000e+07   4.9754986123929920e+16   2.8110161651937810e-04
   1.8000720000000000e+07   4.9752618538178672e+16   2.8108824032869307e-04
